0.0076435547310448795 1674.0677149904832 143.11602184130743
0.011039793826848094 2613.0855469805447 218.05750415771058
0.014436023194965987 4381.240380701123 243.153137896304
0.01783307210200161 6657.669134005757 325.5346211570443
0.0212292738008505 9937.003208769176 367.5565382116104
0.02462545747965706 10983.386219545999 707.3807691674197
0.02802162066600966 11669.414875386965 974.40071790799
0.030568311894652193 10215.841428940768 1023.2274141879614
0.04330569151554967 7701.2750134192365 721.9266151437561
0.056042572611177045 9597.96060346099 788.9017900430678
0.06877881354702561 9127.735514714715 783.6963803321273
0.08151510383964952 7572.338626048352 670.5504456552289
