0.007643423989884615 157.7324676979386 56.90342391484927
0.011038831080398364 261.7481156539635 44.330444931401175
0.014435892520578909 588.3549061679358 74.8458773341362
0.017832109356645084 873.2014169540267 74.01983732427266
0.021228311057183733 1471.640032376764 136.41033920682142
0.024624494856668563 1107.9176207002654 274.1094309976201
0.028021489910278734 686.9878823789987 379.2585272654477
0.030568181137362486 883.5203053560384 474.4791685128411
0.043305560751338686 2691.379580038275 3004.327329335821
0.056041610189495356 754.3493587905667 395.3933243596617
0.06877785090723394 701.8642984435693 289.76902087619476
0.08151497306342893 410.7417651432995 197.528662511023
