0.007643423989884615 50.30101582974545 24.85326940692513
0.011038831080398364 154.73667684077375 31.92630663564364
0.014435892520578909 258.9708429213223 39.44987401804218
0.017832109356645084 325.0299332535437 73.0225471657186
0.021228311057183733 571.4675129103446 51.1570659846261
0.024624494856668563 1001.9618297098039 306.2309580719453
0.028021489910278734 1827.5424786168048 464.1589786407786
0.030568181137362486 814.6572877384791 195.92675285910758
0.043305560751338686 785.3198455992739 183.3165586820925
0.056041610189495356 783.89021577767 233.61452278397374
0.06877785090723394 1104.4779609734107 232.43382181809838
0.08151497306342893 746.3672525948377 164.5291907428678
