0.007643423989884615 73.14361812019173 106.2207315335592
0.011038831080398364 552.0453821064901 45011.089005852285
0.014435892520578909 3.4768817115316763e-09 995.7694314330913
0.017832109356645084 253.46124078751328 1568.455909892674
0.021228311057183733 272.233217433885 388.6423995755692
0.024624494856668563 45895.99479534108 67723.14869749552
0.028021489910278734 41952.11547473394 43042.225337205644
0.030568181137362486 55524.56511063471 104960.80775347409
0.043305560751338686 32449.84061145747 26983.600274381955
0.056041610189495356 37707.14864926704 34495.910951340134
0.06877785090723394 28508.703493943878 18423.690440952425
0.08151497306342893 46091.25584332385 59823.26876239206
