0.007642722726338362 3.3497205075745287 5.492782891562361
0.011039793826848094 0.0002747990415109735 0.0
0.014436023194965987 4.39535499492507 9.51632627986115
0.017832240105555876 4.394109922439541 5.221603951122696
0.0212292738008505 18.020409288086448 72.27684489001612
0.02462545747965706 16.712023955542197 618255.3349446424
0.02802162066600966 5.44560563658767e-09 3.414899784144887
0.030568311894652193 5.046675011750376e-07 1675.64754056703
0.04330569151554967 5.118123723230557e-11 0.0
0.056042572611177045 1.0210953051956612e-11 141.03120714345715
0.06877881354702561 3.8878809362731397e-14 0.0968631002774724
0.08151510383964952 22.76937661898376 62.212134492070064
