0.0076435547310448795 1766.093036177442 134.91825654789622
0.011039793826848094 2726.5221035700856 190.7398794981336
0.014436023194965987 4607.020214511275 217.64329682501858
0.01783307210200161 7031.07566036257 320.7446678938201
0.0212292738008505 10648.938836764555 315.4852841152205
0.02462545747965706 16347.061152551756 1470.289979300689
0.02802162066600966 19413.907267088074 2332.3687188243266
0.030568311894652193 15285.457885347536 1655.1184341995393
0.04330569151554967 12619.006418584187 1606.5700120452943
0.056042572611177045 14933.055874271606 1727.8199994260312
0.06877881354702561 11152.07196329294 1012.7489391356669
0.08151510383964952 13253.745984219979 1538.746286556254
