0.0076435547310448795 60708.880197655206 847.9509872944959
0.011039793826848094 84723.99741226592 939.3223567390348
0.014436023194965987 156102.8567829425 1440.9875020412942
0.01783307210200161 222373.71126575232 1942.319284104039
0.0212292738008505 303275.2946392226 2435.704412100138
0.02462545747965706 281428.7773678002 5218.178282076498
0.02802162066600966 267482.2276433437 5735.991402247402
0.030568311894652193 264588.32635291 6435.273686423733
0.04330569151554967 249007.09991517809 6673.771684525545
0.056042572611177045 241007.65606754838 8490.838909805037
0.06877881354702561 242957.12177149788 6709.223875454988
0.08151510383964952 241476.3148859238 5584.424046818449
