0.007643423989884615 1462.612733572487 156.84498314017983
0.011038831080398364 2350.063465155912 186.5679613971261
0.014435892520578909 3811.2770713390696 199.03294598057494
0.017832109356645084 5718.452622450108 251.78362155241126
0.021228311057183733 10077.96272898528 287.86392762442273
0.024624494856668563 32070.97919995868 2790.2523079893604
0.028021489910278734 43871.45340153183 4755.226634546345
0.030568181137362486 41646.14347623891 3980.4373971889563
0.043305560751338686 62027.14121629247 8455.356319330835
0.056041610189495356 59308.66190476767 8818.574742417866
0.06877785090723394 51343.59066872478 5868.962561576359
0.08151497306342893 49443.0318819412 6184.525301350584
