0.007643423989884615 1911.8882442505396 165.37979099991935
0.011038831080398364 3613.3566474134755 173.83336077396888
0.014435892520578909 6594.696427487678 246.21792043420558
0.017832109356645084 9479.337955911276 352.87203094969834
0.021228311057183733 18397.98990749234 494.81594450752806
0.024624494856668563 38601.20918120657 1845.700957798522
0.028021489910278734 44180.16796676342 2512.9439057522395
0.030568181137362486 41467.50317424258 1770.5836509478215
0.043305560751338686 40994.99857683662 2347.9847529699105
0.056041610189495356 42172.06340552024 2533.0930786645667
0.06877785090723394 42793.12035093128 2414.9203500579774
0.08151497306342893 40580.05130688529 2286.671034729589
