0.007643423989884615 2444.4380793777987 170.11088026574896
0.011038831080398364 4334.790700888998 216.32359399057734
0.014435892520578909 8231.514697336013 294.6732830583753
0.017832109356645084 10969.561028280345 372.4996055154305
0.021228311057183733 21227.331914705603 590.437419760717
0.024624494856668563 37771.02230469013 1690.0270305472968
0.028021489910278734 39559.54008208123 2183.402390851052
0.030568181137362486 42766.091055556506 2146.2601976968367
0.043305560751338686 42737.02111834991 2519.319686836296
0.056041610189495356 41353.86729252664 2261.974356336271
0.06877785090723394 43273.50848285152 2874.3828887443287
0.08151497306342893 38944.533356243504 2100.4670185464165
