0.007643423989884615 5814.543609672045 230.01275090524007
0.011038831080398364 9805.32432730441 277.53025230403625
0.014435892520578909 15199.210778087263 284.7157394229205
0.017832109356645084 24377.897420028363 414.0954625594575
0.021228311057183733 39538.585637631215 697.4957142162892
0.024624494856668563 200782.30122910035 2530.7826016012486
0.028021489910278734 212685.87987243666 2543.848809742468
0.030568181137362486 203462.02059426095 2209.4522098784223
0.043305560751338686 214473.04892743262 2613.651755270538
0.056041610189495356 222029.8019562983 3084.0140648463553
0.06877785090723394 202955.34166526646 3013.913402966641
0.08151497306342893 191086.97858786333 2481.1001945769485
