0.007643423989884615 60.05789332217906 42.18890168549886
0.011038831080398364 21.732920238468022 12.650971570216717
0.014435892520578909 9.647891046405814 16.966311864294518
0.017832109356645084 16.344710947853674 16.40735613886138
0.021228311057183733 64.54930271094055 44.905755975052536
0.024624494856668563 8513.273048794554 2304.1466001250665
0.028020657928017393 11017.9417100452 2603.3168263466832
0.030568181137362486 9129.203666450501 1856.9236343232506
0.043305560751338686 12855.498025189649 2417.513571488636
0.056041610189495356 13138.146410171319 2561.570137012139
0.06877785090723394 11831.432241604645 2855.552712556407
0.08151497306342893 10663.093566643762 1984.697405541899
