0.007643423989884615 216.60681273255366 40.87944668137505
0.011038831080398364 397.14768829698284 56.26749050461562
0.014435892520578909 553.3623566251194 87.45888397782663
0.017832109356645084 903.792736236081 91.98439190559375
0.021228311057183733 1663.758568396476 120.33063182904733
0.024624494856668563 6439.09483440985 496.701855848346
0.028020657928017393 7353.356927667267 525.8555153897348
0.030568181137362486 5883.725703550346 349.71830788758683
0.043305560751338686 7103.466453171554 537.7990347588046
0.056041610189495356 6554.164565996324 449.0115971594549
0.06877785090723394 6280.547681038701 414.6121594596908
0.08151497306342893 5239.624936447538 366.54045911720215
