0.007643423989884615 119.07543840137357 0.12857202435278842
0.011038831080398364 217.2461087166776 0.30718055780652753
0.014435892520578909 468.1424580427236 0.36226341088157904
0.017832109356645084 9006.785409846465 1.7188335025494756
0.021228311057183733 48031.3702806607 6.208164508671954
0.024624494856668563 74018.74018925964 9.438792516705579
0.028020657928017393 77583.10665375585 10.244775313783114
0.030568181137362486 67033.8295640236 8.465796961397437
0.043305560751338686 94346.77250566903 11.216404999941293
0.056041610189495356 104262.91236250038 12.529839846322913
0.06877785090723394 77970.02848637133 9.388032745578332
0.08151497306342893 65155.04580707794 8.908543978642209
